Distância de 10 a 20: 17.34
Caminho de 10 a 20:
10 7622850 4615833 6528266 1295458 7103730 8790605 7788327 6766415 7155379 2031914 3908338 8885874 20 

Distância de 10 a 30: 17.24
Caminho de 10 a 30:
10 2846336 5413988 202621 9270546 6836812 2983314 8775277 5549785 3485759 4341576 8868678 3166991 5117196 7291082 1816279 5664093 8947758 30 

Distância de 10 a 40: 17.37
Caminho de 10 a 40:
10 1299954 1419794 9885733 5641294 409605 4105715 660832 5850281 3215052 7676193 9008138 4846487 9798152 40 

Distância de 10 a 50: 15.43
Caminho de 10 a 50:
10 1299954 9927727 8451042 5368621 4276332 3716282 3724752 700154 9271362 6416250 396789 50 

Distância de 10 a 60: 17.99
Caminho de 10 a 60:
10 1299954 1419794 1899178 7524819 757290 9445351 9611705 9104671 8941517 264365 3945175 3090234 2071841 8424191 2860740 1175531 1925405 7718765 3193827 7824884 1454010 60 

